parquet-deflated:  966302177271.209106
parquet-inflated:  966302177271.209106
sqlite:            966302177271.209106
root-inflated:     966302177271.209106
root-deflated:     966302177271.209106
h5row:             966302177271.209106
h5column:          966302177271.209106
protobuf-inflated: 966302177271.209106
protobuf-deflated: 966302177271.209106
avro-inflated:     966302177271.209106
avro-deflated:     966302177271.209106 
