./cms -c1 -i /data/calibration/ttjet_13tev_june2019~lz4.ntuple (0)	(0)	(0)	(0)	(0)	(0)
realtime: 1.78203700000000000000	1.73507200000000000000	1.85783400000000000000	1.74431800000000000000	1.77785100000000000000	1.97028100000000000000
usertime: 0.12	0.13	0.13	0.13	0.12	0.12
kerneltime: 0.07	0.07	0.08	0.06	0.07	0.07
rssmax: 50404	48380	48380	48376	48380	48380
memavg 0	0	0	0	0	0
nswitch: 1	2	2	1	2	1
nwait: 873	873	862	870	869	870
nread: 244648	244648	244632	244632	244632	244632
nwrite: 0	0	0	0	0	0
