./h1 -c1 -i /data/jblomer/data/calibration/h1dstX10~zlib.root (0)	(0)	(0)	(0)	(0)	(0)
realtime: 2.37856600000000000000	2.43364100000000000000	2.47432800000000000000	2.45767100000000000000	2.54808300000000000000	2.45246500000000000000
usertime: 2.23	2.27	2.31	2.26	2.35	2.27
kerneltime: 0.47	0.48	0.48	0.49	0.51	0.48
rssmax: 136300	134260	134268	134276	134284	134284
memavg 0	0	0	0	0	0
nswitch: 29	30	27	30	34	28
nwait: 6020	6110	6149	5983	6025	6049
nread: 1230512	1230512	1230512	1230200	1230472	1230416
nwrite: 0	0	0	0	0	0
