./lhcb -c1 -i /data/calibration/B2HHH~zlib.ntuple (0)	(0)	(0)	(0)	(0)	(0)
realtime: 4.90990100000000000000	4.90296800000000000000	5.26729900000000000000	4.97710100000000000000	4.89361700000000000000	4.87971500000000000000
usertime: 4.92	4.89	4.93	4.94	4.88	4.85
kerneltime: 0.39	0.41	0.41	0.43	0.40	0.43
rssmax: 52076	52124	52160	52144	52136	52060
memavg 0	0	0	0	0	0
nswitch: 7	6	6	6	6	3
nwait: 1099	1136	1118	1093	1192	1111
nread: 2336400	2336400	2336400	2336400	2336384	2336384
nwrite: 0	0	0	0	0	0
