./lhcb -c1 -i /data/jblomer/data/calibration/B2HHH~lzma.root (0)	(0)	(0)	(0)	(0)	(0)
realtime: 43.17766200000000000000	43.25685400000000000000	42.80246800000000000000	42.78237300000000000000	42.69775200000000000000	43.25788200000000000000
usertime: 43.18	43.26	42.82	42.83	42.72	43.28
kerneltime: 0.38	0.35	0.35	0.31	0.32	0.34
rssmax: 171340	170928	171260	170864	170460	171664
memavg 0	0	0	0	0	0
nswitch: 59	41	83	108	44	41
nwait: 573	548	461	594	682	510
nread: 0	0	0	0	0	0
nwrite: 0	0	0	0	0	0
