./h1 -c1 -i /data/jblomer/data/calibration/h1dstX10~zlib.root (0)	(0)	(0)	(0)	(0)	(0)
realtime: 1.68423300000000000000	1.57376400000000000000	1.66345900000000000000	1.66411200000000000000	1.57235900000000000000	1.54671100000000000000
usertime: 1.91	1.82	1.90	1.91	1.79	1.80
kerneltime: 0.23	0.21	0.22	0.18	0.20	0.20
rssmax: 136168	134256	134280	135948	135844	134276
memavg 0	0	0	0	0	0
nswitch: 33	28	28	28	30	29
nwait: 565	698	539	694	352	511
nread: 0	0	0	0	0	0
nwrite: 0	0	0	0	0	0
