./h1 -c1 -i /data/calibration/h1dstX10~zstd.ntuple (0)	(0)	(0)	(0)	(0)	(0)
realtime: 5.16747800000000000000	5.01774300000000000000	5.10942800000000000000	5.05061500000000000000	5.12571400000000000000	5.15919100000000000000
usertime: 0.63	0.61	0.58	0.58	0.60	0.59
kerneltime: 0.16	0.14	0.12	0.13	0.13	0.19
rssmax: 42176	42176	42368	42176	42312	42372
memavg 0	0	0	0	0	0
nswitch: 6	4	5	6	4	3
nwait: 1693	1710	1713	1710	1708	1693
nread: 602840	602840	602840	602840	602840	602840
nwrite: 0	0	0	0	0	0
