./h1 -c1 -i /data/calibration/h1dstX10~lzma.ntuple (0)	(0)	(0)	(0)	(0)	(0)
realtime: 12.32716800000000000000	12.27437000000000000000	11.91846100000000000000	12.35095700000000000000	11.94629300000000000000	11.97941400000000000000
usertime: 12.42	12.34	11.99	12.41	12.00	12.05
kerneltime: 0.16	0.20	0.17	0.21	0.12	0.15
rssmax: 35544	35540	35536	35700	35908	36004
memavg 0	0	0	0	0	0
nswitch: 70	14	12	11	15	6
nwait: 1661	1644	1666	1639	1683	1660
nread: 540624	540624	540624	540624	540624	540624
nwrite: 0	0	0	0	0	0
