./lhcb -c1 -i /data/calibration/B2HHH~zstd.ntuple (0)	(0)	(0)	(0)	(0)	(0)
realtime: 4.23890300000000000000	4.06070500000000000000	3.99388600000000000000	4.02800700000000000000	4.07795500000000000000	4.06890000000000000000
usertime: 1.93	1.89	1.90	1.92	1.94	1.92
kerneltime: 0.49	0.38	0.46	0.49	0.48	0.42
rssmax: 50900	50808	50984	50964	50908	50948
memavg 0	0	0	0	0	0
nswitch: 4	5	4	5	7	8
nwait: 2589	2709	2639	2611	2565	2680
nread: 2236248	2236248	2236248	2236248	2236248	2236248
nwrite: 0	0	0	0	0	0
