./lhcb -c1 -i /data/jblomer/data/calibration/B2HHH~zstd.root (0)	(0)	(0)	(0)	(0)	(0)
realtime: 2.12066800000000000000	2.31349100000000000000	2.17165700000000000000	2.14794800000000000000	2.35578100000000000000	2.21201200000000000000
usertime: 2.22	2.38	2.30	2.26	2.44	2.35
kerneltime: 0.33	0.38	0.32	0.34	0.35	0.31
rssmax: 173712	172760	173544	173888	173720	172988
memavg 0	0	0	0	0	0
nswitch: 28	29	27	26	32	32
nwait: 509	516	625	577	628	514
nread: 0	0	0	0	0	0
nwrite: 0	0	0	0	0	0
