./lhcb -c 4 -i /data/jblomer/data/calibration/B2HHH~zstd.ntuple (0)	(0)	(0)	(0)	(0)	(0)
realtime: 1.43083500000000000000	1.43935200000000000000	1.42405800000000000000	1.45350000000000000000	1.42543400000000000000	1.44019500000000000000
usertime: 1.49	1.47	1.44	1.49	1.46	1.49
kerneltime: 0.72	0.75	0.75	0.74	0.73	0.72
rssmax: 50936	50932	50932	50932	50936	50932
memavg 0	0	0	0	0	0
nswitch: 3	5	2	5	8	2
nwait: 5101	5085	5290	5160	5275	5240
nread: 1792056	1791976	1791976	1792056	1792008	1792008
nwrite: 0	0	0	0	0	0
