./h1 -c1 -i /data/calibration/h1dstX10~zlib.ntuple (0)	(0)	(0)	(0)	(0)	(0)
realtime: 5.06054800000000000000	6.21918200000000000000	5.14420000000000000000	5.11902500000000000000	5.10284800000000000000	5.00244600000000000000
usertime: 1.61	1.69	1.67	1.65	1.69	1.63
kerneltime: 0.18	0.16	0.19	0.20	0.21	0.14
rssmax: 42320	42252	42116	42252	42248	42252
memavg 0	0	0	0	0	0
nswitch: 3	6	5	4	6	4
nwait: 1714	1716	1710	1711	1705	1722
nread: 606296	606296	606296	606296	606296	606296
nwrite: 0	0	0	0	0	0
