./lhcb -c1 -i /data/jblomer/data/calibration/B2HHH~zlib.root (0)	(0)	(0)	(0)	(0)	(0)
realtime: 5.18877900000000000000	5.09833000000000000000	5.09563800000000000000	5.22487800000000000000	5.16499600000000000000	5.09329600000000000000
usertime: 5.31	5.18	5.17	5.31	5.24	5.23
kerneltime: 0.36	0.36	0.37	0.35	0.36	0.31
rssmax: 174848	174404	174260	174376	175652	173932
memavg 0	0	0	0	0	0
nswitch: 41	34	31	36	38	29
nwait: 621	577	496	714	675	524
nread: 0	0	0	0	0	0
nwrite: 0	0	0	0	0	0
