./lhcb -c1 -m -i /data/jblomer/data/calibration/B2HHH~none.ntuple (0)	(0)	(0)	(0)	(0)	(0)
realtime: 2.04079600000000000000	2.01572000000000000000	2.03605400000000000000	2.04337400000000000000	2.01956300000000000000	2.02596600000000000000
usertime: 0.40	0.37	0.36	0.38	0.38	0.38
kerneltime: 0.87	0.87	0.89	0.88	0.85	0.86
rssmax: 25488	25492	25492	25492	25488	25492
memavg 0	0	0	0	0	0
nswitch: 3	3	3	4	4	6
nwait: 7764	7835	7753	7807	7851	7849
nread: 2482504	2482504	2482208	2482208	2482208	2482208
nwrite: 0	0	0	0	0	0
