./lhcb -c1 -i /data/jblomer/data/calibration/B2HHH~lz4.root (0)	(0)	(0)	(0)	(0)	(0)
realtime: 1.24722900000000000000	1.28033800000000000000	1.16989900000000000000	1.15843600000000000000	1.49726500000000000000	1.43121500000000000000
usertime: 1.37	1.37	1.29	1.27	1.55	1.46
kerneltime: 0.38	0.37	0.33	0.33	0.39	0.40
rssmax: 178812	178416	179184	178664	177392	177332
memavg 0	0	0	0	0	0
nswitch: 29	30	209	26	29	181
nwait: 530	496	569	723	556	769
nread: 0	0	0	0	0	0
nwrite: 0	0	0	0	0	0
