./lhcb -c 32 -i /data/jblomer/data/calibration/B2HHH~zstd.ntuple (0)	(0)	(0)	(0)	(0)	(0)
realtime: 1.45064500000000000000	1.40840800000000000000	1.43983200000000000000	1.44414200000000000000	1.40883900000000000000	1.44328800000000000000
usertime: 1.46	1.46	1.47	1.47	1.46	1.47
kerneltime: 0.77	0.70	0.75	0.77	0.65	0.74
rssmax: 50932	50936	50936	50936	50932	50932
memavg 0	0	0	0	0	0
nswitch: 3	2	4	2	3	1
nwait: 5287	5433	5305	5286	5617	5322
nread: 1792056	1792056	1792056	1792048	1792048	1791928
nwrite: 0	0	0	0	0	0
