./cms -c1 -i /data/calibration/ttjet_13tev_june2019~zlib.root (0)	(0)	(0)	(0)	(0)	(0)
realtime: 2.30919000000000000000	2.31685300000000000000	2.37412900000000000000	2.38596400000000000000	2.36132300000000000000	2.36765900000000000000
usertime: 0.80	0.81	0.86	0.87	0.86	0.86
kerneltime: 0.21	0.24	0.25	0.24	0.23	0.25
rssmax: 170680	170048	169692	169560	170304	169644
memavg 0	0	0	0	0	0
nswitch: 25	24	24	25	23	23
nwait: 1569	1605	1561	1547	1571	1556
nread: 889160	889160	889160	889160	889160	888952
nwrite: 0	0	0	0	0	0
