./lhcb -c1 -i /data/calibration/B2HHH~none.ntuple (0)	(0)	(0)	(0)	(0)	(0)
realtime: 5.91075300000000000000	5.96030000000000000000	5.90063600000000000000	6.09138000000000000000	5.92004600000000000000	6.00326400000000000000
usertime: 0.18	0.22	0.17	0.18	0.19	0.16
kerneltime: 0.76	0.82	0.80	0.85	0.82	0.83
rssmax: 57124	57124	57124	57124	57124	57124
memavg 0	0	0	0	0	0
nswitch: 1	2	1	1	4	2
nwait: 3946	3906	3947	3880	3853	3735
nread: 3252288	3252288	3252288	3252288	3252288	3252288
nwrite: 0	0	0	0	0	0
