./lhcb -c1 -i /data/jblomer/data/calibration/B2HHH~zstd.ntuple (0)	(0)	(0)	(0)	(0)	(0)
realtime: 1.39874000000000000000	1.42281300000000000000	1.40845000000000000000	1.39246500000000000000	1.41120500000000000000	1.39585400000000000000
usertime: 1.42	1.45	1.44	1.42	1.43	1.41
kerneltime: 0.44	0.38	0.35	0.38	0.34	0.38
rssmax: 50932	50932	51004	50932	50992	50932
memavg 0	0	0	0	0	0
nswitch: 5	115	6	4	3	4
nwait: 176	159	177	170	174	172
nread: 0	0	0	0	0	0
nwrite: 0	0	0	0	0	0
