./cms -c1 -i /data/calibration/ttjet_13tev_june2019~lz4.root (0)	(0)	(0)	(0)	(0)	(0)
realtime: 2.32730100000000000000	2.48776500000000000000	2.32255600000000000000	2.44352900000000000000	2.47307000000000000000	2.38987600000000000000
usertime: 0.53	0.54	0.51	0.53	0.54	0.53
kerneltime: 0.26	0.25	0.25	0.25	0.25	0.22
rssmax: 179660	180652	180204	183348	180808	180128
memavg 0	0	0	0	0	0
nswitch: 23	23	22	24	24	22
nwait: 1729	1675	1789	1675	1758	1751
nread: 896576	896616	896584	896584	896568	896568
nwrite: 0	0	0	0	0	0
