./lhcb -c 2 -i /data/jblomer/data/calibration/B2HHH~zstd.ntuple (0)	(0)	(0)	(0)	(0)	(0)
realtime: 1.42818800000000000000	1.44584800000000000000	1.43910800000000000000	1.45298500000000000000	1.49973400000000000000	1.42832700000000000000
usertime: 1.46	1.50	1.48	1.47	1.54	1.45
kerneltime: 0.73	0.72	0.75	0.70	0.74	0.74
rssmax: 51008	50932	50932	50964	50932	50964
memavg 0	0	0	0	0	0
nswitch: 3	3	5	2	3	3
nwait: 5237	5062	5007	5425	5095	5259
nread: 1792000	1792000	1792000	1792000	1792056	1792056
nwrite: 0	0	0	0	0	0
