./cms -c1 -i /data/calibration/ttjet_13tev_june2019~lzma.root (0)	(0)	(0)	(0)	(0)	(0)
realtime: 3.33229800000000000000	3.13179200000000000000	3.17027700000000000000	3.30171100000000000000	3.13790100000000000000	3.14699100000000000000
usertime: 2.46	2.27	2.31	2.45	2.28	2.30
kerneltime: 0.22	0.21	0.22	0.23	0.23	0.21
rssmax: 160308	160344	161844	160800	162152	160420
memavg 0	0	0	0	0	0
nswitch: 25	24	24	26	24	25
nwait: 1485	1464	1493	1475	1481	1463
nread: 838672	832056	832056	832056	838672	838672
nwrite: 0	0	0	0	0	0
