./cms -c1 -i /data/calibration/ttjet_13tev_june2019~zstd.root (0)	(0)	(0)	(0)	(0)	(0)
realtime: 2.30118100000000000000	2.32005200000000000000	2.22764800000000000000	2.21202700000000000000	2.21852200000000000000	2.28884300000000000000
usertime: 0.56	0.63	0.61	0.59	0.60	0.57
kerneltime: 0.26	0.23	0.23	0.26	0.25	0.25
rssmax: 168632	168456	170236	168544	170220	169956
memavg 0	0	0	0	0	0
nswitch: 22	24	23	23	23	23
nwait: 1609	1547	1551	1529	1615	1626
nread: 883272	883272	883272	883272	883272	883272
nwrite: 0	0	0	0	0	0
