./lhcb -c 8 -i /data/jblomer/data/calibration/B2HHH~zstd.ntuple (0)	(0)	(0)	(0)	(0)	(0)
realtime: 1.43271800000000000000	1.41400100000000000000	1.43196600000000000000	1.41157200000000000000	1.44319700000000000000	1.43518200000000000000
usertime: 1.48	1.46	1.48	1.46	1.49	1.46
kerneltime: 0.73	0.72	0.73	0.71	0.72	0.74
rssmax: 50936	51004	53032	51008	51008	50936
memavg 0	0	0	0	0	0
nswitch: 5	4	5	3	3	5
nwait: 5212	5362	5274	5338	5243	5264
nread: 1792056	1792056	1792056	1792056	1792056	1792056
nwrite: 0	0	0	0	0	0
