./lhcb -c1 -i /data/jblomer/data/calibration/B2HHH~zlib.ntuple (0)	(0)	(0)	(0)	(0)	(0)
realtime: 4.14134900000000000000	4.08261200000000000000	4.02263200000000000000	4.05927900000000000000	4.09495400000000000000	4.02244100000000000000
usertime: 4.14	4.10	4.03	4.05	4.11	4.04
kerneltime: 0.48	0.42	0.43	0.39	0.35	0.38
rssmax: 52168	52300	52288	52172	52096	52280
memavg 0	0	0	0	0	0
nswitch: 8	4	7	8	4	4
nwait: 155	172	165	162	166	168
nread: 0	0	0	0	0	0
nwrite: 0	0	0	0	0	0
