./h1 -c1 -i /data/jblomer/data/calibration/h1dstX10~zlib.ntuple (0)	(0)	(0)	(0)	(0)	(0)
realtime: 1.24028500000000000000	1.23234200000000000000	1.27838500000000000000	1.23889100000000000000	1.28029400000000000000	1.23650900000000000000
usertime: 1.27	1.26	1.32	1.29	1.31	1.27
kerneltime: 0.13	0.13	0.13	0.13	0.14	0.13
rssmax: 42320	42320	42192	42192	42388	42388
memavg 0	0	0	0	0	0
nswitch: 5	3	5	2	3	5
nwait: 58	59	59	64	64	62
nread: 0	0	0	0	0	0
nwrite: 0	0	0	0	0	0
