./lhcb -c1 -i /data/jblomer/data/calibration/B2HHH~lz4.root (0)	(0)	(0)	(0)	(0)	(0)
realtime: 2.48731200000000000000	2.59067800000000000000	2.47598900000000000000	2.51329200000000000000	2.48134800000000000000	2.41938100000000000000
usertime: 1.88	1.97	1.85	1.91	1.84	1.82
kerneltime: 0.72	0.75	0.70	0.71	0.73	0.69
rssmax: 178652	178112	178776	177912	177476	178004
memavg 0	0	0	0	0	0
nswitch: 30	30	31	40	31	28
nwait: 8637	8505	8609	8598	8724	8594
nread: 2141488	2141560	2141352	2141104	2141104	2141040
nwrite: 0	0	0	0	0	0
