./lhcb -c1 -i /data/jblomer/data/calibration/B2HHH~zlib.root (0)	(0)	(0)	(0)	(0)	(0)
realtime: 6.33781600000000000000	6.26422200000000000000	6.40909900000000000000	6.33748500000000000000	6.37216100000000000000	6.32298000000000000000
usertime: 5.79	5.71	5.88	5.81	5.87	5.77
kerneltime: 0.70	0.72	0.73	0.66	0.70	0.72
rssmax: 175188	174808	175284	175204	175428	174960
memavg 0	0	0	0	0	0
nswitch: 29	29	32	27	32	35
nwait: 8447	8261	8076	8497	8118	8160
nread: 2062648	2062552	2062656	2062808	2062808	2062808
nwrite: 0	0	0	0	0	0
