./cms -c1 -i /data/calibration/ttjet_13tev_june2019~zlib.ntuple (0)	(0)	(0)	(0)	(0)	(0)
realtime: 1.84870400000000000000	1.84486400000000000000	1.84447600000000000000	1.85096400000000000000	1.85727300000000000000	1.83592600000000000000
usertime: 0.32	0.31	0.31	0.29	0.30	0.31
kerneltime: 0.07	0.06	0.06	0.06	0.07	0.06
rssmax: 48388	48388	48392	48392	48392	48388
memavg 0	0	0	0	0	0
nswitch: 4	2	2	2	3	2
nwait: 877	861	865	867	860	870
nread: 230560	230560	230528	230544	230560	230560
nwrite: 0	0	0	0	0	0
