./lhcb -c1 -i /data/jblomer/data/calibration/B2HHH~none.root (0)	(0)	(0)	(0)	(0)	(0)
realtime: 1.04072600000000000000	1.01512900000000000000	1.04460500000000000000	.97652900000000000000	.97696200000000000000	1.02670400000000000000
usertime: 1.06	1.05	1.07	1.06	1.05	1.08
kerneltime: 0.43	0.41	0.42	0.36	0.35	0.40
rssmax: 172440	172240	171468	172564	171728	172472
memavg 0	0	0	0	0	0
nswitch: 29	28	31	27	28	27
nwait: 654	550	532	541	664	466
nread: 0	0	0	0	0	0
nwrite: 0	0	0	0	0	0
