./h1 -c1 -i /data/jblomer/data/calibration/h1dstX10~lzma.ntuple (0)	(0)	(0)	(0)	(0)	(0)
realtime: 9.52946700000000000000	9.38673800000000000000	9.55636800000000000000	9.53592500000000000000	9.41495000000000000000	9.74498600000000000000
usertime: 9.57	9.44	9.60	9.58	9.44	9.79
kerneltime: 0.12	0.13	0.12	0.14	0.13	0.13
rssmax: 35612	35612	35612	35604	35612	35612
memavg 0	0	0	0	0	0
nswitch: 6	11	13	8	12	24
nwait: 59	60	57	62	59	58
nread: 0	0	0	0	0	0
nwrite: 0	0	0	0	0	0
