./lhcb -c1 -i /data/jblomer/data/calibration/B2HHH~lzma.root (0)	(0)	(0)	(0)	(0)	(0)
realtime: 43.90458500000000000000	43.90374500000000000000	44.30632800000000000000	44.20040800000000000000	44.46545100000000000000	44.30444700000000000000
usertime: 43.35	43.38	43.80	43.69	43.94	43.77
kerneltime: 0.68	0.66	0.66	0.69	0.70	0.70
rssmax: 170720	170524	171100	170428	171516	171436
memavg 0	0	0	0	0	0
nswitch: 217	61	46	50	65	60
nwait: 8098	8243	8075	8012	8074	8054
nread: 1911160	1911176	1911016	1911000	1911040	1911192
nwrite: 0	0	0	0	0	0
