./lhcb -c 16 -i /data/jblomer/data/calibration/B2HHH~none.ntuple (0)	(0)	(0)	(0)	(0)	(0)
realtime: 1.87617500000000000000	1.87834600000000000000	1.89395700000000000000	1.90267400000000000000	1.87942300000000000000	1.89600000000000000000
usertime: 0.44	0.45	0.43	0.48	0.41	0.46
kerneltime: 1.09	1.08	1.11	1.10	1.08	1.10
rssmax: 57260	57276	57264	57260	57256	57272
memavg 0	0	0	0	0	0
nswitch: 4	3	4	6	2	4
nwait: 8957	8956	8913	8947	9009	8969
nread: 2783712	2783712	2783816	2783776	2783816	2783752
nwrite: 0	0	0	0	0	0
