./lhcb -c 16 -i /data/jblomer/data/calibration/B2HHH~zstd.ntuple (0)	(0)	(0)	(0)	(0)	(0)
realtime: 1.42928500000000000000	1.48897800000000000000	1.41324000000000000000	1.44143000000000000000	1.43659100000000000000	1.42595600000000000000
usertime: 1.44	1.53	1.45	1.46	1.48	1.44
kerneltime: 0.76	0.73	0.68	0.75	0.73	0.75
rssmax: 50932	50932	50932	51008	50936	50992
memavg 0	0	0	0	0	0
nswitch: 3	5	3	5	3	3
nwait: 5389	5362	5596	5320	5219	5418
nread: 1792056	1792056	1792032	1792056	1792056	1792056
nwrite: 0	0	0	0	0	0
