./lhcb -c 1 -i /data/jblomer/data/calibration/B2HHH~none.ntuple (0)	(0)	(0)	(0)	(0)	(0)
realtime: 1.85909900000000000000	1.84947100000000000000	1.86444000000000000000	1.83518900000000000000	1.86469900000000000000	1.85634900000000000000
usertime: 0.44	0.44	0.46	0.41	0.46	0.45
kerneltime: 1.11	1.09	1.10	1.06	1.09	1.08
rssmax: 57256	57256	57260	57260	57256	57256
memavg 0	0	0	0	0	0
nswitch: 3	4	1	2	3	2
nwait: 8721	8821	8727	9017	8709	8814
nread: 2784016	2784016	2783888	2783936	2783936	2783936
nwrite: 0	0	0	0	0	0
