./h1 -c1 -i /data/jblomer/data/calibration/h1dstX10~none.root (0)	(0)	(0)	(0)	(0)	(0)
realtime: 1.13505000000000000000	1.13189800000000000000	1.13381300000000000000	1.12679000000000000000	1.12549200000000000000	1.12660400000000000000
usertime: 0.84	0.86	0.84	0.84	0.85	0.89
kerneltime: 0.55	0.59	0.57	0.56	0.57	0.55
rssmax: 155308	157140	156268	155252	155732	157300
memavg 0	0	0	0	0	0
nswitch: 28	32	26	24	30	26
nwait: 5769	5750	5749	5802	5693	5734
nread: 1488032	1487736	1487960	1487128	1487584	1487992
nwrite: 0	0	0	0	0	0
