./h1 -c1 -m -i /data/jblomer/data/calibration/h1dstX10~none.ntuple (0)	(0)	(0)	(0)	(0)	(0)
realtime: 1.08976300000000000000	1.09854300000000000000	1.10226700000000000000	1.09264600000000000000	1.10027000000000000000	1.10398800000000000000
usertime: 0.26	0.27	0.29	0.26	0.27	0.27
kerneltime: 0.32	0.31	0.30	0.31	0.31	0.31
rssmax: 25716	23672	23672	23668	23672	23672
memavg 0	0	0	0	0	0
nswitch: 3	3	4	2	2	6
nwait: 4229	4235	4230	4239	4232	4233
nread: 752992	752992	752992	752992	752992	752888
nwrite: 0	0	0	0	0	0
