./lhcb -c 2 -i /data/jblomer/data/calibration/B2HHH~none.ntuple (0)	(0)	(0)	(0)	(0)	(0)
realtime: 1.87389300000000000000	1.85444400000000000000	1.87058500000000000000	1.85973600000000000000	1.87383600000000000000	1.84749600000000000000
usertime: 0.44	0.47	0.42	0.44	0.45	0.42
kerneltime: 1.12	1.07	1.14	1.09	1.10	1.05
rssmax: 57260	57256	57260	57256	57260	57260
memavg 0	0	0	0	0	0
nswitch: 5	4	1	5	4	1
nwait: 8696	8962	8803	8828	8856	9015
nread: 2783936	2783936	2783936	2783632	2783712	2783712
nwrite: 0	0	0	0	0	0
