./cms -c1 -i /data/calibration/ttjet_13tev_june2019~zstd.ntuple (0)	(0)	(0)	(0)	(0)	(0)
realtime: 1.95485200000000000000	1.79197000000000000000	1.94658000000000000000	1.92813800000000000000	1.80048500000000000000	1.94655000000000000000
usertime: 0.17	0.16	0.18	0.16	0.18	0.17
kerneltime: 0.07	0.05	0.07	0.07	0.07	0.07
rssmax: 48428	48428	48428	48428	48428	48428
memavg 0	0	0	0	0	0
nswitch: 2	1	3	1	2	2
nwait: 866	864	864	865	865	868
nread: 228872	228872	228872	228872	228872	228896
nwrite: 0	0	0	0	0	0
