./lhcb -c1 -i /data/jblomer/data/calibration/B2HHH~zstd.root (0)	(0)	(0)	(0)	(0)	(0)
realtime: 3.34090700000000000000	3.23761300000000000000	3.31333800000000000000	3.49463800000000000000	3.35987800000000000000	3.34278000000000000000
usertime: 2.90	2.81	2.86	3.03	2.90	2.91
kerneltime: 0.63	0.65	0.67	0.73	0.69	0.68
rssmax: 173292	173348	174232	172932	172656	173592
memavg 0	0	0	0	0	0
nswitch: 33	29	28	37	27	31
nwait: 8214	8125	8046	7754	7979	8036
nread: 1983904	1983984	1983680	1983696	1983616	1983752
nwrite: 0	0	0	0	0	0
