./h1 -c1 -i /data/calibration/h1dstX10~lz4.ntuple (0)	(0)	(0)	(0)	(0)	(0)
realtime: 4.84627100000000000000	4.84701200000000000000	4.90538000000000000000	4.83825400000000000000	4.88815500000000000000	6.72190600000000000000
usertime: 0.31	0.34	0.35	0.32	0.31	0.35
kerneltime: 0.17	0.22	0.16	0.18	0.17	0.23
rssmax: 52872	52420	52820	52420	52424	52420
memavg 0	0	0	0	0	0
nswitch: 3	4	4	3	5	4
nwait: 1815	1736	1792	1796	1814	1728
nread: 710984	710984	710984	710984	710984	710984
nwrite: 0	0	0	0	0	0
