./lhcb -c1 -i /data/jblomer/data/calibration/B2HHH~lz4.ntuple (0)	(0)	(0)	(0)	(0)	(0)
realtime: 1.32397600000000000000	1.43176000000000000000	1.40074100000000000000	1.44307200000000000000	1.45151600000000000000	1.42920500000000000000
usertime: 0.95	1.04	0.92	1.04	1.01	1.08
kerneltime: 0.67	0.88	0.84	0.89	0.94	0.85
rssmax: 54060	54144	54128	54128	54128	54140
memavg 0	0	0	0	0	0
nswitch: 2	5	3	2	2	4
nwait: 7132	6087	6379	6116	5954	6245
nread: 2000680	2000680	2000680	2000408	2000408	2000408
nwrite: 0	0	0	0	0	0
