./lhcb -c 4 -i /data/jblomer/data/calibration/B2HHH~none.ntuple (0)	(0)	(0)	(0)	(0)	(0)
realtime: 1.87226000000000000000	1.87480100000000000000	1.87250800000000000000	1.88224800000000000000	1.85702100000000000000	1.88881700000000000000
usertime: 0.45	0.44	0.45	0.45	0.42	0.46
kerneltime: 1.10	1.11	1.09	1.11	1.06	1.12
rssmax: 57260	57256	57256	57260	57264	57260
memavg 0	0	0	0	0	0
nswitch: 2	2	4	3	1	3
nwait: 8834	8689	8851	8709	9071	8786
nread: 2783712	2783712	2783712	2783712	2783712	2783712
nwrite: 0	0	0	0	0	0
