./lhcb -c 8 -i /data/jblomer/data/calibration/B2HHH~none.ntuple (0)	(0)	(0)	(0)	(0)	(0)
realtime: 1.85995900000000000000	1.88977600000000000000	1.88013700000000000000	1.87773100000000000000	1.89434400000000000000	1.89291100000000000000
usertime: 0.41	0.45	0.45	0.45	0.44	0.44
kerneltime: 1.07	1.11	1.09	1.09	1.12	1.10
rssmax: 57260	57256	57256	57268	57272	57260
memavg 0	0	0	0	0	0
nswitch: 2	4	3	3	4	4
nwait: 9034	8827	8851	8827	8882	8859
nread: 2783712	2783712	2783712	2783712	2783712	2783712
nwrite: 0	0	0	0	0	0
