./lhcb -c1 -i /data/jblomer/data/calibration/B2HHH~zstd.ntuple (0)	(0)	(0)	(0)	(0)	(0)
realtime: 1.41651100000000000000	1.47175000000000000000	1.47412600000000000000	1.44523800000000000000	1.42505800000000000000	1.42138500000000000000
usertime: 1.44	1.51	1.51	1.48	1.50	1.45
kerneltime: 0.73	0.70	0.74	0.68	0.68	0.72
rssmax: 50964	50964	51004	50932	50932	50932
memavg 0	0	0	0	0	0
nswitch: 2	5	7	2	3	5
nwait: 5330	5410	5308	5556	5329	5371
nread: 1791648	1791648	1791920	1791920	1791936	1791880
nwrite: 0	0	0	0	0	0
