./h1 -c1 -i /data/jblomer/data/calibration/h1dstX10~lzma.root (0)	(0)	(0)	(0)	(0)	(0)
realtime: 10.75612400000000000000	10.87803400000000000000	10.29466900000000000000	10.80393600000000000000	10.69963100000000000000	10.70874200000000000000
usertime: 10.85	10.95	10.40	10.89	10.81	10.81
kerneltime: 0.39	0.41	0.42	0.43	0.40	0.40
rssmax: 155336	155592	155648	155320	157208	155324
memavg 0	0	0	0	0	0
nswitch: 39	38	34	42	34	38
nwait: 4095	4087	3965	3970	4066	3969
nread: 789696	789400	789608	789568	789528	789520
nwrite: 0	0	0	0	0	0
