./cms -c1 -i /data/calibration/ttjet_13tev_june2019~lzma.ntuple (0)	(0)	(0)	(0)	(0)	(0)
realtime: 1.75495500000000000000	1.73329500000000000000	1.81256800000000000000	1.73322400000000000000	1.72801000000000000000	1.71357900000000000000
usertime: 1.48	1.37	1.44	1.39	1.46	1.41
kerneltime: 0.06	0.05	0.06	0.07	0.06	0.07
rssmax: 48460	48464	48464	48464	48464	48464
memavg 0	0	0	0	0	0
nswitch: 2	3	2	5	3	4
nwait: 866	866	867	870	864	863
nread: 220768	220768	220768	220768	220752	220752
nwrite: 0	0	0	0	0	0
