./lhcb -c1 -i /data/jblomer/data/calibration/B2HHH~lzma.ntuple (0)	(0)	(0)	(0)	(0)	(0)
realtime: 43.24276400000000000000	42.73522100000000000000	43.29785000000000000000	43.31739200000000000000	42.72239700000000000000	43.36244500000000000000
usertime: 43.19	42.70	43.26	43.27	42.69	43.29
kerneltime: 0.75	0.66	0.75	0.72	0.73	0.76
rssmax: 50172	50008	50124	50172	50056	49944
memavg 0	0	0	0	0	0
nswitch: 83	54	40	34	31	52
nwait: 5015	5367	4985	5126	5126	5141
nread: 1722648	1722752	1722640	1722688	1722640	1722664
nwrite: 0	0	0	0	0	0
