./lhcb -c 64 -i /data/jblomer/data/calibration/B2HHH~none.ntuple (0)	(0)	(0)	(0)	(0)	(0)
realtime: 1.91001100000000000000	1.92049100000000000000	1.91112500000000000000	1.91723100000000000000	1.92846600000000000000	1.92444100000000000000
usertime: 0.45	0.43	0.43	0.44	0.44	0.45
kerneltime: 1.09	1.14	1.13	1.11	1.13	1.12
rssmax: 57260	57260	59276	57260	57256	57264
memavg 0	0	0	0	0	0
nswitch: 2	3	3	4	3	5
nwait: 9012	9024	8944	9055	9062	8949
nread: 2783800	2783720	2783720	2783648	2783800	2783768
nwrite: 0	0	0	0	0	0
