./lhcb -c 64 -i /data/jblomer/data/calibration/B2HHH~zstd.ntuple (0)	(0)	(0)	(0)	(0)	(0)
realtime: 1.41151200000000000000	1.40718700000000000000	1.47619400000000000000	1.46984700000000000000	1.43834100000000000000	1.43624000000000000000
usertime: 1.45	1.45	1.52	1.51	1.49	1.48
kerneltime: 0.67	0.66	0.74	0.66	0.72	0.73
rssmax: 51008	50968	50932	50932	50936	50936
memavg 0	0	0	0	0	0
nswitch: 1	3	5	7	4	3
nwait: 5598	5689	5374	5686	5390	5352
nread: 1792056	1791984	1791984	1791992	1791832	1792032
nwrite: 0	0	0	0	0	0
