./cms -c1 -i /data/calibration/ttjet_13tev_june2019~none.root (0)	(0)	(0)	(0)	(0)	(0)
realtime: 2.98486100000000000000	2.99082800000000000000	2.97585200000000000000	2.95356300000000000000	2.96032800000000000000	2.96822800000000000000
usertime: 0.48	0.48	0.49	0.49	0.48	0.47
kerneltime: 0.30	0.30	0.31	0.31	0.28	0.33
rssmax: 220804	220016	221920	221488	221680	220532
memavg 0	0	0	0	0	0
nswitch: 24	23	23	22	23	23
nwait: 1830	1866	1823	1794	1783	1826
nread: 1068880	1068848	1068848	1068848	1068848	1068848
nwrite: 0	0	0	0	0	0
