./h1 -c1 -i /data/calibration/h1dstX10~none.ntuple (0)	(0)	(0)	(0)	(0)	(0)
realtime: 6.68123300000000000000	9.20500700000000000000	6.78980700000000000000	6.72254100000000000000	6.80646600000000000000	6.76497700000000000000
usertime: 0.16	0.15	0.17	0.17	0.18	0.19
kerneltime: 0.35	0.35	0.35	0.34	0.38	0.38
rssmax: 59064	58932	59052	59212	58644	58680
memavg 0	0	0	0	0	0
nswitch: 1	1	2	2	1	2
nwait: 2373	2371	2371	2366	2378	2368
nread: 1018568	1018568	1018568	1018568	1018568	1018568
nwrite: 0	0	0	0	0	0
