./h1 -c1 -i /data/jblomer/data/calibration/h1dstX10~lzma.root (0)	(0)	(0)	(0)	(0)	(0)
realtime: 10.41839600000000000000	10.24659300000000000000	9.84889800000000000000	10.23517900000000000000	10.41866900000000000000	10.40387000000000000000
usertime: 10.65	10.46	10.06	10.45	10.66	10.65
kerneltime: 0.19	0.21	0.17	0.22	0.20	0.20
rssmax: 155332	155340	155332	155344	155328	155572
memavg 0	0	0	0	0	0
nswitch: 34	34	32	39	34	31
nwait: 564	512	378	542	515	447
nread: 0	0	0	0	0	0
nwrite: 0	0	0	0	0	0
