./lhcb -c1 -i /data/jblomer/data/calibration/B2HHH~zlib.ntuple (0)	(0)	(0)	(0)	(0)	(0)
realtime: 4.06918200000000000000	4.04275500000000000000	4.15467300000000000000	4.16697300000000000000	4.22487800000000000000	4.07095500000000000000
usertime: 4.12	4.12	4.20	4.22	4.26	4.12
kerneltime: 0.71	0.74	0.77	0.75	0.77	0.72
rssmax: 52220	52128	52120	52260	52296	52216
memavg 0	0	0	0	0	0
nswitch: 6	6	8	12	15	6
nwait: 5969	5740	5691	5737	5874	5955
nread: 1893584	1893584	1893584	1893584	1893472	1893456
nwrite: 0	0	0	0	0	0
