./cms -c1 -i /data/jblomer/data/calibration/ttjet_13tev_june2019~lzma.root (0)	(0)	(0)	(0)	(0)	(0)
realtime: 1.57443300000000000000	1.55595600000000000000	1.54794700000000000000	1.55423000000000000000	1.55763400000000000000	1.47378200000000000000
usertime: 2.21	2.19	2.14	2.19	2.18	2.07
kerneltime: 0.33	0.33	0.34	0.35	0.32	0.34
rssmax: 160972	161220	159668	159380	159328	159348
memavg 0	0	0	0	0	0
nswitch: 32	31	29	30	30	31
nwait: 3024	3023	3060	3007	3067	3066
nread: 537072	537152	537248	537264	537312	537312
nwrite: 0	0	0	0	0	0
