./lhcb -c1 -i /data/jblomer/data/calibration/B2HHH~lzma.ntuple (0)	(0)	(0)	(0)	(0)	(0)
realtime: 43.00542300000000000000	43.06303200000000000000	43.06679600000000000000	43.07090300000000000000	42.97998100000000000000	42.94350200000000000000
usertime: 42.92	42.96	42.98	42.98	42.89	42.85
kerneltime: 0.45	0.40	0.36	0.42	0.39	0.39
rssmax: 50088	50004	49932	50192	50124	50056
memavg 0	0	0	0	0	0
nswitch: 50	54	40	26	33	53
nwait: 150	166	167	150	166	163
nread: 0	0	0	0	0	0
nwrite: 0	0	0	0	0	0
