./h1 -c1 -i /data/jblomer/data/calibration/h1dstX10~zlib.ntuple (0)	(0)	(0)	(0)	(0)	(0)
realtime: 1.26797100000000000000	1.30106100000000000000	1.28529600000000000000	1.33547000000000000000	1.29527500000000000000	1.29391600000000000000
usertime: 1.36	1.37	1.36	1.40	1.35	1.37
kerneltime: 0.28	0.30	0.30	0.27	0.32	0.29
rssmax: 42320	42320	42388	42388	42192	42388
memavg 0	0	0	0	0	0
nswitch: 2	3	2	8	1	3
nwait: 2776	2766	2780	2832	2765	2777
nread: 815328	815616	815616	815616	815616	815616
nwrite: 0	0	0	0	0	0
