./lhcb -c 1 -i /data/jblomer/data/calibration/B2HHH~zstd.ntuple (0)	(0)	(0)	(0)	(0)	(0)
realtime: 1.45170300000000000000	1.40084500000000000000	1.43934000000000000000	1.43969400000000000000	1.41635000000000000000	1.43907200000000000000
usertime: 1.50	1.44	1.49	1.49	1.45	1.48
kerneltime: 0.72	0.67	0.73	0.73	0.67	0.73
rssmax: 50936	50936	50932	50940	50932	50932
memavg 0	0	0	0	0	0
nswitch: 4	1	3	3	4	4
nwait: 5044	5344	5029	5030	5332	5079
nread: 1792024	1792056	1792056	1791984	1792056	1792000
nwrite: 0	0	0	0	0	0
