./lhcb -c1 -i /data/jblomer/data/calibration/B2HHH~none.root (0)	(0)	(0)	(0)	(0)	(0)
realtime: 2.54508000000000000000	2.63509300000000000000	2.65156200000000000000	2.49688200000000000000	2.60028700000000000000	2.61866700000000000000
usertime: 1.66	1.71	1.70	1.64	1.69	1.71
kerneltime: 0.83	0.94	0.95	0.82	0.85	0.89
rssmax: 173456	171552	172936	171828	171944	171648
memavg 0	0	0	0	0	0
nswitch: 30	28	28	29	28	30
nwait: 10936	10454	10435	11117	11038	10744
nread: 2713400	2712912	2712928	2712720	2712472	2712448
nwrite: 0	0	0	0	0	0
