./cms -c1 -i /data/jblomer/data/calibration/ttjet_13tev_june2019~lzma.root (0)	(0)	(0)	(0)	(0)	(0)
realtime: 1.34002300000000000000	1.41695900000000000000	1.35406400000000000000	1.33236200000000000000	1.41199800000000000000	1.41724700000000000000
usertime: 1.88	1.96	1.87	1.87	1.96	1.96
kerneltime: 0.18	0.20	0.19	0.16	0.19	0.20
rssmax: 159208	159284	159452	160092	159200	159856
memavg 0	0	0	0	0	0
nswitch: 31	27	31	29	29	28
nwait: 556	497	512	668	530	554
nread: 0	0	0	0	0	0
nwrite: 0	0	0	0	0	0
