./lhcb -c1 -i /data/jblomer/data/calibration/B2HHH~none.ntuple (0)	(0)	(0)	(0)	(0)	(0)
realtime: 1.90229600000000000000	1.88196000000000000000	1.91590900000000000000	1.86569700000000000000	1.91584700000000000000	1.86874400000000000000
usertime: 0.45	0.44	0.46	0.43	0.45	0.41
kerneltime: 1.12	1.09	1.14	1.05	1.13	1.06
rssmax: 57256	57264	57256	57256	57264	57256
memavg 0	0	0	0	0	0
nswitch: 7	3	6	7	1	5
nwait: 8744	8943	8804	9142	8873	9178
nread: 2783216	2783320	2783592	2783592	2783440	2783760
nwrite: 0	0	0	0	0	0
