./h1 -c1 -i /data/calibration/h1dstX10~zstd.root (0)	(0)	(0)	(0)	(0)	(0)
realtime: 6.06985800000000000000	5.83288600000000000000	6.21200100000000000000	5.97873600000000000000	5.93392800000000000000	6.43951300000000000000
usertime: 1.13	1.08	1.10	1.08	1.10	1.13
kerneltime: 0.29	0.31	0.31	0.34	0.31	0.29
rssmax: 158748	158752	158728	158748	158752	158728
memavg 0	0	0	0	0	0
nswitch: 27	24	23	24	24	22
nwait: 2111	2134	2116	2122	2117	2117
nread: 1086160	1086160	1094040	1094040	1094040	1094040
nwrite: 0	0	0	0	0	0
