./h1 -c1 -i /data/jblomer/data/calibration/h1dstX10~lzma.ntuple (0)	(0)	(0)	(0)	(0)	(0)
realtime: 9.40838300000000000000	9.71705500000000000000	9.44014100000000000000	9.46761100000000000000	9.59987200000000000000	9.58325700000000000000
usertime: 9.49	9.80	9.52	9.56	9.67	9.68
kerneltime: 0.27	0.25	0.15	0.25	0.26	0.24
rssmax: 35604	35612	35600	35612	35600	35612
memavg 0	0	0	0	0	0
nswitch: 7	16	14	12	16	14
nwait: 2704	2719	2895	2726	2713	2713
nread: 702256	702256	702256	702256	702256	702256
nwrite: 0	0	0	0	0	0
