./lhcb -c 32 -i /data/jblomer/data/calibration/B2HHH~none.ntuple (0)	(0)	(0)	(0)	(0)	(0)
realtime: 1.90543600000000000000	1.91879100000000000000	1.90406100000000000000	1.89175100000000000000	1.89492100000000000000	1.91589400000000000000
usertime: 0.45	0.43	0.45	0.40	0.45	0.45
kerneltime: 1.11	1.16	1.09	1.09	1.08	1.11
rssmax: 57260	57260	57256	57260	57260	57256
memavg 0	0	0	0	0	0
nswitch: 2	4	3	3	3	4
nwait: 8999	8819	9017	9126	9089	8939
nread: 2783784	2783784	2783784	2783784	2783816	2783832
nwrite: 0	0	0	0	0	0
