./lhcb -c1 -i /data/calibration/B2HHH~lzma.ntuple (0)	(0)	(0)	(0)	(0)	(0)
realtime: 51.00820100000000000000	51.14379200000000000000	50.84058900000000000000	50.94645800000000000000	50.87710000000000000000	50.91876400000000000000
usertime: 50.97	51.13	50.82	50.92	50.84	50.88
kerneltime: 0.41	0.38	0.39	0.40	0.41	0.40
rssmax: 50092	49976	50044	49968	49956	50104
memavg 0	0	0	0	0	0
nswitch: 29	44	28	36	48	24
nwait: 808	790	801	782	822	816
nread: 2168400	2168400	2168400	2168400	2168424	2168424
nwrite: 0	0	0	0	0	0
