./cms -c1 -i /data/calibration/ttjet_13tev_june2019~none.ntuple (0)	(0)	(0)	(0)	(0)	(0)
realtime: 2.19348900000000000000	2.29539800000000000000	2.14889900000000000000	2.16577500000000000000	2.16567900000000000000	2.16581900000000000000
usertime: 0.10	0.09	0.08	0.09	0.10	0.10
kerneltime: 0.08	0.06	0.08	0.10	0.06	0.08
rssmax: 48220	48416	48416	48220	48416	48220
memavg 0	0	0	0	0	0
nswitch: 1	1	1	1	1	1
nwait: 798	808	793	793	812	797
nread: 310968	310968	310968	310968	310968	310968
nwrite: 0	0	0	0	0	0
