./h1 -c1 -i /data/jblomer/data/calibration/h1dstX10~zstd.root (0)	(0)	(0)	(0)	(0)	(0)
realtime: 1.09114200000000000000	1.08386300000000000000	1.11653200000000000000	1.12032100000000000000	1.12065200000000000000	1.13514000000000000000
usertime: 1.13	1.11	1.14	1.18	1.15	1.15
kerneltime: 0.45	0.44	0.42	0.44	0.44	0.45
rssmax: 160724	160612	158812	158772	158800	158768
memavg 0	0	0	0	0	0
nswitch: 30	28	27	27	29	29
nwait: 4437	4292	4389	4315	4356	4386
nread: 909840	909992	909840	909840	909544	909840
nwrite: 0	0	0	0	0	0
