./lhcb -c1 -i /data/calibration/B2HHH~lz4.ntuple (0)	(0)	(0)	(0)	(0)	(0)
realtime: 4.53434500000000000000	4.60575600000000000000	4.45610700000000000000	4.57283300000000000000	4.44768400000000000000	4.48838700000000000000
usertime: 0.91	0.99	0.96	0.91	0.94	0.92
kerneltime: 0.63	0.65	0.60	0.59	0.58	0.60
rssmax: 54020	54076	54012	54012	54012	54076
memavg 0	0	0	0	0	0
nswitch: 5	4	5	5	7	4
nwait: 3080	3105	3015	3144	3134	3034
nread: 2481736	2481688	2481680	2481704	2481712	2481736
nwrite: 0	0	0	0	0	0
